ROOT Styles Loaded from rootlogon.
Beginning new ROOT session.


Processing ALLDrawDist.C...
18.55   18.65
1.1361   756238
18.5925  1.00824e+07   1.02447e+07
18.6044  4.30328e+06   4.26333e+06
18.6029  4.90518e+06   4.87554e+06
18.5709  6.91956e+06   7.36073e+06
18.6119  7.99901e+06   7.79891e+06
18.6284  1.13663e+07   1.07009e+07
18.5735  7.2932e+06   7.71411e+06
18.6376  7.42115e+06   6.85185e+06
18.6385  6.46902e+06   5.96154e+06
18.6157  1.69249e+07   1.63711e+07
18.5848  6.37141e+06   6.57998e+06
18.5664  1.04459e+07   1.12172e+07
18.5668  6.62311e+06   7.1067e+06
18.6058  8.85951e+06   8.75054e+06
18.6044  1.20082e+07   1.18975e+07
18.6038  2.07854e+07   2.06181e+07
18.5851  5.52474e+06   5.70249e+06
18.5876  9.02024e+06   9.25977e+06
18.5501  5.24874e+06   5.83411e+06
18.5928  6.98834e+06   7.09598e+06
18.6228  1.48388e+07   1.41369e+07
18.5634  6.25115e+06   6.75631e+06
18.5717  3.49449e+06   3.71078e+06
18.5611  5.79533e+06   6.2939e+06
18.6025  3.82003e+06   3.80018e+06
18.5809  2.95825e+06   3.08046e+06
18.6442  8.1266e+06   7.39961e+06
18.6465  8.19337e+06   7.42333e+06
18.6005  6.65933e+06   6.65205e+06
18.5949  9.04092e+06   9.13863e+06
18.5544  7.16099e+06   7.88886e+06
18.5512  4.68467e+06   5.19575e+06
18.5761  9.22339e+06   9.70211e+06
18.6188  8.79464e+06   8.45166e+06
18.594  5.87402e+06   5.94864e+06
18.615  8.69703e+06   8.42513e+06
18.5825  9.97526e+06   1.03533e+07
18.5638  4.4335e+06   4.78759e+06
18.5547  8.4437e+06   9.29425e+06
18.6265  1.1264e+07   1.06479e+07
18.5781  6.39612e+06   6.69993e+06
18.5892  9.86718e+06   1.00961e+07
18.6003  5.4154e+06   5.41198e+06
18.5921  1.03952e+07   1.05719e+07
18.5524  6.93964e+06   7.67712e+06
18.6191  1.15558e+07   1.10974e+07
18.6404  9.1205e+06   8.37188e+06
18.6117  9.38289e+06   9.15354e+06
18.6411  1.31496e+07   1.20522e+07
18.5586  6.95458e+06   7.59353e+06
18.6125  1.26184e+07   1.22896e+07
18.6373  1.20184e+07   1.11048e+07
18.5925  1.02306e+07   1.03955e+07
18.5555  1.0462e+07   1.14986e+07
18.5811  9.70275e+06   1.01e+07
18.6043  9.04911e+06   8.96622e+06
18.6273  6.75009e+06   6.37103e+06
18.5555  5.69964e+06   6.26406e+06
18.5817  7.5412e+06   7.83991e+06
18.5661  6.83038e+06   7.33917e+06
18.5914  1.07212e+07   1.0918e+07
18.5674  5.83771e+06   6.25513e+06
18.624  1.47263e+07   1.39954e+07
18.5587  8.99181e+06   9.81589e+06
18.5742  1.2125e+07   1.28071e+07
18.5652  5.83929e+06   6.28686e+06
18.5529  6.10325e+06   6.744e+06
18.5779  4.35718e+06   4.56663e+06
18.6461  1.01078e+07   9.16583e+06
18.5679  1.18829e+07   1.27205e+07
18.6215  7.40838e+06   7.07762e+06
18.581  6.50921e+06   6.7772e+06
18.5596  4.84591e+06   5.27972e+06
18.6256  7.73087e+06   7.32238e+06
18.6425  1.25224e+07   1.14423e+07
18.5796  7.5652e+06   7.89926e+06
18.5734  8.3585e+06   8.84352e+06
18.6004  1.05795e+07   1.05703e+07
18.6168  5.56073e+06   5.36602e+06
18.562  8.62151e+06   9.34497e+06
18.6249  7.01675e+06   6.65515e+06
18.6263  1.10793e+07   1.04779e+07
18.5556  1.32501e+07   1.45594e+07
18.5624  8.85582e+06   9.58991e+06
18.6058  9.51588e+06   9.39946e+06
18.5701  5.75234e+06   6.1292e+06
18.5557  7.88048e+06   8.65746e+06
18.5745  7.53266e+06   7.95074e+06
18.5623  6.54327e+06   7.0882e+06
18.6248  8.71076e+06   8.2645e+06
18.6173  1.05982e+07   1.02155e+07
18.6143  8.27814e+06   8.03115e+06
18.6082  1.1084e+07   1.08918e+07
18.6245  1.19342e+07   1.13289e+07
18.5715  8.50866e+06   9.03897e+06
18.6323  7.78844e+06   7.27338e+06
18.5847  8.60329e+06   8.88672e+06
18.5822  1.11784e+07   1.16072e+07
18.5751  8.36246e+06   8.81526e+06
18.6091  1.47582e+07   1.44772e+07
18.6131  7.99275e+06   7.77434e+06
18.5597  7.12074e+06   7.75554e+06
18.5809  1.05969e+07   1.10356e+07
18.5812  7.14088e+06   7.43204e+06
18.5796  6.15052e+06   6.42277e+06
18.5775  8.4239e+06   8.83538e+06
18.5732  6.2893e+06   6.65656e+06
18.5518  8.27057e+06   9.15992e+06
18.6355  1.07226e+07   9.94456e+06
18.6191  6.77484e+06   6.50571e+06
18.614  6.31436e+06   6.12902e+06
18.5629  5.97501e+06   6.46347e+06
18.6125  8.1623e+06   7.94795e+06
18.5838  4.4181e+06   4.57222e+06
18.6044  1.03126e+07   1.02173e+07
18.5828  8.06291e+06   8.36197e+06
18.5762  1.00212e+07   1.05389e+07
18.6154  1.16241e+07   1.12505e+07
18.6079  1.07e+07   1.05231e+07
18.5713  1.25968e+07   1.33874e+07
18.5514  1.10356e+07   1.22328e+07
18.5883  1.1614e+07   1.19054e+07
18.5682  9.25763e+06   9.90322e+06
18.5853  8.53437e+06   8.80449e+06
18.6358  1.2527e+07   1.16117e+07
18.6077  1.12249e+07   1.10436e+07
18.6223  1.14115e+07   1.08846e+07
18.5815  1.07986e+07   1.12301e+07
18.5587  1.02514e+07   1.11907e+07
18.585  1.29533e+07   1.33709e+07
18.5655  9.75169e+06   1.04912e+07
18.6034  8.59968e+06   8.53815e+06
18.5896  6.86671e+06   7.02037e+06
18.5552  1.19477e+07   1.31374e+07
18.6157  1.34079e+07   1.29686e+07
18.6314  1.23081e+07   1.15154e+07
18.6301  1.20855e+07   1.13387e+07
18.6069  6.42765e+06   6.33434e+06
18.5728  6.20198e+06   6.5704e+06
18.6304  1.20113e+07   1.12606e+07
18.6197  9.28835e+06   8.90747e+06
18.6314  1.40619e+07   1.3156e+07
18.6364  1.21346e+07   1.12338e+07
18.5622  5.95057e+06   6.4478e+06
18.6404  8.59668e+06   7.89016e+06
18.5933  7.18066e+06   7.28406e+06
18.5715  1.14233e+07   1.21339e+07
18.6041  8.42161e+06   8.34842e+06
18.6022  9.79861e+06   9.75383e+06
18.6309  1.07084e+07   1.00285e+07
18.639  9.13273e+06   8.40769e+06
18.6239  1.26816e+07   1.20552e+07
18.6235  1.17877e+07   1.12139e+07
18.5671  1.1991e+07   1.2857e+07
18.564  1.65259e+07   1.78362e+07
18.5953  1.24315e+07   1.25547e+07
18.6415  8.25956e+06   7.56312e+06
18.59  7.50817e+06   7.66986e+06
18.627  1.08421e+07   1.02393e+07
18.5508  6.14815e+06   6.82501e+06
18.5987  9.24434e+06   9.26974e+06
18.5638  1.25928e+07   1.3597e+07
18.6475  1.31487e+07   1.18889e+07
18.6475  2.73635e+06   2.47417e+06
18.635  1.10901e+07   1.02966e+07
18.6226  5.14216e+06   4.90176e+06
18.6172  1.41625e+07   1.3654e+07
18.6487  1.75763e+07   1.58524e+07
18.6131  8.44203e+06   8.2115e+06
18.6235  1.00085e+07   9.52276e+06
18.5795  9.79605e+06   1.0232e+07
18.643  7.12332e+06   6.50205e+06
18.5524  9.40234e+06   1.04002e+07
18.6462  1.14713e+07   1.04005e+07
18.6232  9.29962e+06   8.85242e+06
18.6195  7.57681e+06   7.26999e+06
18.6201  7.39486e+06   7.08642e+06
18.6047  1.06188e+07   1.05144e+07
18.6233  7.19385e+06   6.84647e+06
18.6143  1.15043e+07   1.11617e+07
18.5603  6.3744e+06   6.93418e+06
18.6255  1.44198e+07   1.36615e+07
18.6338  7.71208e+06   7.17939e+06
18.6309  7.8685e+06   7.36902e+06
18.5535  7.99945e+06   8.82844e+06
18.5777  2.57176e+06   2.69647e+06
18.5932  7.83828e+06   7.95132e+06
18.5839  1.23862e+07   1.28163e+07
18.6077  4.9657e+06   4.88562e+06
18.5533  8.94287e+06   9.87417e+06
18.5762  1.3994e+07   1.47184e+07
18.6234  7.99047e+06   7.60369e+06

18.6  192
9.06949e+06  9.09817e+06
2.93535e+06  2.84239e+06
18.65   18.75
1.12211   1.14777e+06
18.6799  7.74533e+06   8.08314e+06
18.6896  9.89167e+06   1.01113e+07
18.6853  5.03288e+06   5.19276e+06
18.6681  9.01528e+06   9.64618e+06
18.6564  6.74163e+06   7.39406e+06
18.6752  1.18075e+07   1.24439e+07
18.6559  9.31713e+06   1.02307e+07
18.7437  1.23662e+07   1.12717e+07
18.7033  5.69526e+06   5.65514e+06
18.6837  1.16984e+07   1.21109e+07
18.6654  1.01945e+07   1.09705e+07
18.6664  1.11309e+07   1.19531e+07
18.675  1.40342e+07   1.47994e+07
18.6986  9.52637e+06   9.55513e+06
18.6663  1.27338e+07   1.3677e+07
18.6598  1.19068e+07   1.29676e+07
18.6924  1.13896e+07   1.15739e+07
18.6555  9.80941e+06   1.07802e+07
18.7331  1.20763e+07   1.12572e+07
18.6673  9.10289e+06   9.75728e+06
18.7335  5.49782e+06   5.12062e+06
18.6858  1.31135e+07   1.35152e+07
18.7375  1.28127e+07   1.18341e+07
18.74  7.65761e+06   7.03414e+06
18.7238  1.30979e+07   1.24535e+07
18.6905  7.62292e+06   7.77836e+06
18.6912  1.21362e+07   1.23656e+07
18.7278  1.11234e+07   1.04872e+07
18.7294  1.30524e+07   1.22627e+07
18.6796  1.12603e+07   1.17592e+07
18.721  8.99862e+06   8.60596e+06
18.7047  1.74349e+07   1.72605e+07
18.7  9.76174e+06   9.76122e+06
18.7282  1.05146e+07   9.90451e+06
18.6898  4.91292e+06   5.02045e+06
18.6711  7.95701e+06   8.4601e+06
18.6668  1.07596e+07   1.15453e+07
18.686  9.17605e+06   9.4526e+06
18.7217  1.53416e+07   1.46506e+07
18.688  1.04725e+07   1.07413e+07
18.6619  1.25479e+07   1.36035e+07
18.6726  8.70043e+06   9.22041e+06
18.6681  1.68453e+07   1.80238e+07
18.6703  7.95505e+06   8.47306e+06
18.6712  8.41588e+06   8.94519e+06
18.6731  8.98632e+06   9.51415e+06
18.7044  9.73981e+06   9.64965e+06
18.7258  1.41733e+07   1.34172e+07
18.7295  6.24389e+06   5.8648e+06
18.6994  1.19447e+07   1.1961e+07
18.6675  7.46444e+06   7.99703e+06
18.7302  1.25376e+07   1.17596e+07
18.6767  9.29262e+06   9.76262e+06
18.6767  7.39482e+06   7.76883e+06
18.6827  1.11019e+07   1.1516e+07
18.6815  1.26443e+07   1.31492e+07
18.6844  9.11723e+06   9.4242e+06
18.6729  8.7113e+06   9.22715e+06
18.6912  1.22004e+07   1.24296e+07
18.6999  1.4345e+07   1.4349e+07
18.7351  2.48057e+07   2.30247e+07
18.7323  2.07515e+07   1.9377e+07
18.6586  8.44422e+06   9.21877e+06
18.682  1.1756e+07   1.22129e+07
18.7002  7.1623e+06   7.15867e+06
18.7308  1.20691e+07   1.13067e+07
18.6577  1.03643e+07   1.1338e+07
18.7091  9.79034e+06   9.60382e+06
18.7074  1.49023e+07   1.4669e+07
18.6919  1.59904e+07   1.62664e+07
18.7071  1.37147e+07   1.35086e+07
18.7336  1.2949e+07   1.20594e+07
18.6824  8.31785e+06   8.63345e+06
18.6876  1.36048e+07   1.3967e+07
18.6553  1.10437e+07   1.21405e+07
18.6524  6.12252e+06   6.77259e+06
18.7246  1.30728e+07   1.24075e+07
18.733  1.41575e+07   1.31992e+07
18.6564  7.55328e+06   8.28489e+06
18.6967  1.50738e+07   1.51788e+07
18.6628  1.21254e+07   1.31206e+07
18.658  6.34981e+06   6.94168e+06
18.7254  1.04791e+07   9.92891e+06
18.7158  1.79393e+07   1.73464e+07
18.6975  1.78192e+07   1.79129e+07
18.7471  1.26845e+07   1.14778e+07
18.6527  1.15026e+07   1.27168e+07
18.6797  1.51163e+07   1.57828e+07
18.7012  6.80406e+06   6.78614e+06
18.6921  1.36163e+07   1.38469e+07
18.7113  1.27901e+07   1.24872e+07
18.6571  1.17377e+07   1.28559e+07
18.6596  1.55795e+07   1.69739e+07
18.7162  1.46247e+07   1.41302e+07
18.7036  1.16837e+07   1.1594e+07
18.733  1.51651e+07   1.41389e+07
18.723  1.40515e+07   1.33836e+07
18.6689  1.50465e+07   1.60729e+07
18.6567  1.15222e+07   1.263e+07
18.694  3.88899e+07   3.93903e+07
18.7012  1.53299e+07   1.52907e+07
18.6996  1.49662e+07   1.49799e+07
18.7109  8.83232e+06   8.63012e+06
18.6916  1.4323e+07   1.45793e+07
18.7068  1.11817e+07   1.10217e+07
18.676  9.89817e+06   1.0414e+07
18.7353  1.08509e+07   1.00688e+07
18.7082  9.6949e+06   9.52806e+06
18.6848  1.41239e+07   1.45856e+07
18.7051  1.31207e+07   1.29787e+07
18.7334  1.84974e+07   1.72323e+07
18.7415  1.56104e+07   1.42967e+07
18.6657  5.29082e+06   5.69041e+06
18.6539  1.29945e+07   1.43292e+07
18.7063  9.99977e+06   9.86723e+06
18.6842  1.42812e+07   1.47663e+07
18.6647  3.45751e+06   3.72646e+06
18.6768  9.77715e+06   1.02696e+07
18.6876  7.09062e+06   7.27967e+06
18.6687  1.26129e+07   1.34797e+07
18.7202  4.12168e+06   3.94909e+06
18.7335  1.64133e+07   1.52866e+07
18.686  1.2647e+07   1.30268e+07
18.6669  1.20596e+07   1.29377e+07
18.693  8.65329e+06   8.78186e+06
18.6998  1.13715e+07   1.13771e+07
18.6803  1.33461e+07   1.39153e+07
18.6834  1.9208e+07   1.98942e+07
18.7051  7.83788e+06   7.7533e+06
18.714  4.4614e+06   4.33115e+06
18.6501  9.08631e+06   1.01e+07
18.6903  8.79356e+06   8.97713e+06
18.725  2.75032e+06   2.6082e+06
18.6755  1.0838e+07   1.14152e+07
18.7178  2.0087e+07   1.93438e+07
18.7336  1.56848e+07   1.46068e+07
18.7396  1.23246e+07   1.13308e+07
18.7419  1.84292e+07   1.68609e+07
18.6589  2.43386e+07   2.6557e+07
18.6807  1.54142e+07   1.60592e+07

18.7  140
1.17233e+07  1.18391e+07
4.44958e+06  4.39397e+06
18.75   18.85
1.10812   1.5393e+06
18.7924  8.03405e+06   8.16423e+06
18.8246  8.37959e+06   7.95429e+06
18.775  1.65548e+07   1.74546e+07
18.7936  1.45146e+07   1.47138e+07
18.8375  1.79673e+07   1.65926e+07
18.7706  1.25624e+07   1.33707e+07
18.7761  1.48153e+07   1.55857e+07
18.7942  1.41387e+07   1.43137e+07
18.799  1.20581e+07   1.20847e+07
18.82  1.36667e+07   1.3099e+07
18.8028  9.39653e+06   9.34084e+06
18.7947  7.66594e+06   7.75188e+06
18.776  1.36999e+07   1.44163e+07
18.7813  1.4078e+07   1.46483e+07
18.85  2.08696e+07   1.87707e+07
18.7849  1.27093e+07   1.31223e+07
18.8087  1.38702e+07   1.36172e+07
18.7557  1.39732e+07   1.53511e+07
18.7813  7.33338e+06   7.62947e+06
18.7556  1.27944e+07   1.40584e+07
18.7739  1.15565e+07   1.22136e+07
18.8468  1.38402e+07   1.2533e+07
18.7631  75547.7   81689.7
18.754  9.81824e+06   1.08242e+07
18.7888  1.47176e+07   1.50728e+07
18.8003  1.54831e+07   1.54742e+07
18.8031  1.54974e+07   1.53949e+07
18.7611  1.90784e+07   2.07184e+07
18.7902  1.44111e+07   1.47127e+07
18.7662  1.40812e+07   1.51263e+07
18.7733  1.26436e+07   1.33807e+07
18.8295  8.78035e+06   8.24773e+06
18.8394  1.38978e+07   1.27826e+07
18.7781  1.04212e+07   1.09173e+07
18.8185  8.32517e+06   8.00529e+06
18.7827  1.50619e+07   1.56251e+07
18.8099  1.29325e+07   1.26625e+07
18.7797  9.49426e+06   9.91197e+06
18.7786  1.16488e+07   1.21889e+07
18.836  1.17183e+07   1.08566e+07
18.7718  1.90762e+07   2.02534e+07
18.7773  1.32731e+07   1.39288e+07
18.8424  1.69736e+07   1.55149e+07
18.793  1.51013e+07   1.53265e+07
18.8484  1.45547e+07   1.31342e+07
18.7758  1.48881e+07   1.56737e+07
18.8157  1.31016e+07   1.26738e+07
18.7846  1.12582e+07   1.16313e+07
18.7894  1.6014e+07   1.6378e+07
18.7575  1.06595e+07   1.16643e+07
18.7666  1.49562e+07   1.60553e+07
18.7773  1.456e+07   1.52769e+07
18.7512  2.35609e+06   2.61272e+06
18.7647  1.17902e+07   1.27075e+07
18.7993  1.64527e+07   1.64785e+07
18.7658  1.4147e+07   1.52102e+07
18.7765  1.38266e+07   1.45337e+07
18.8305  2.05605e+07   1.92738e+07
18.7938  1.60157e+07   1.62289e+07
18.7603  1.32282e+07   1.43894e+07
18.8196  1.93684e+07   1.85796e+07
18.7827  1.55866e+07   1.61694e+07
18.8184  1.62697e+07   1.56464e+07
18.8243  1.93189e+07   1.83474e+07
18.7671  6.42639e+06   6.89023e+06
18.8189  1.18662e+07   1.13993e+07
18.7812  1.16563e+07   1.21314e+07
18.8141  8.26353e+06   8.02045e+06
18.7767  1.40569e+07   1.47702e+07
18.7996  1.36887e+07   1.37003e+07
18.8493  2.23359e+07   2.01183e+07
18.8284  2.33264e+07   2.19651e+07
18.7651  1.43831e+07   1.54871e+07
18.7812  1.80697e+07   1.88048e+07
18.8168  2.3034e+07   2.22273e+07
18.7626  1.10444e+07   1.19558e+07
18.7949  1.70509e+07   1.72357e+07
18.8075  1.27279e+07   1.25284e+07
18.8403  1.52881e+07   1.40347e+07
18.7554  1.38344e+07   1.52065e+07
18.8485  1.72581e+06   1.5572e+06
18.7529  1.14728e+07   1.26782e+07
18.8041  1.66436e+07   1.64993e+07
18.8014  1.08491e+07   1.08181e+07
18.8014  8.25153e+06   8.22794e+06
18.8212  1.16531e+07   1.11414e+07
18.8411  2.04722e+07   1.87625e+07
18.7658  1.81921e+07   1.95589e+07
18.8208  2.26813e+07   2.17025e+07
18.7607  1.36801e+07   1.48703e+07
18.7948  1.56394e+07   1.58141e+07
18.814  1.08511e+07   1.05333e+07
18.824  2.09319e+07   1.98933e+07
18.835  1.7694e+07   1.64298e+07
18.7548  1.21831e+07   1.34094e+07
18.7675  6.48564e+06   6.94889e+06
18.7511  6.65112e+06   7.3782e+06

18.8  97
1.35981e+07  1.37027e+07
4.33857e+06  4.14925e+06
18.85   18.95
1.09413   1.93084e+06
18.8979  1.18344e+07   1.18881e+07
18.9146  1.88483e+07   1.82753e+07
18.8712  1.11624e+07   1.18666e+07
18.8682  1.37947e+07   1.4756e+07
18.9042  1.90021e+07   1.88336e+07
18.8895  1.12893e+07   1.15427e+07
18.8992  1.79106e+07   1.79397e+07
18.8569  2.65634e+07   2.91088e+07
18.9407  1.77122e+07   1.62482e+07
18.9479  1.84144e+07   1.66371e+07
18.8776  8.57278e+06   8.98904e+06
18.8665  1.17754e+07   1.2643e+07
18.9055  2.42784e+07   2.39969e+07
18.8765  1.0323e+07   1.08512e+07
18.9328  1.06202e+07   9.90725e+06
18.9247  1.546e+07   1.46702e+07
18.8609  1.87494e+07   2.03698e+07
18.9452  1.30104e+07   1.182e+07
18.8861  1.27319e+07   1.3113e+07
18.9097  1.79283e+07   1.7563e+07
18.8676  2.41902e+07   2.59082e+07
18.9009  1.54166e+07   1.5388e+07
18.9426  1.32609e+07   1.2115e+07
18.9233  1.41059e+07   1.34271e+07
18.8831  1.75019e+07   1.81407e+07
18.8806  2.83666e+07   2.95585e+07
18.8747  2.6543e+07   2.80087e+07
18.9161  1.89674e+07   1.83308e+07
18.9266  2.10206e+07   1.98664e+07
18.8974  2.21576e+07   2.228e+07
18.8852  2.49415e+07   2.57352e+07
18.9023  1.73829e+07   1.72976e+07
18.8891  1.203e+07   1.23107e+07
18.8986  1.51541e+07   1.52007e+07
18.8636  1.82738e+07   1.97395e+07
18.9407  1.73418e+07   1.59077e+07
18.8513  1.51151e+07   1.67583e+07
18.8923  2.09618e+07   2.13072e+07
18.8731  1.94378e+07   2.05769e+07
18.9454  1.38034e+07   1.25359e+07
18.8562  2.79422e+07   3.06637e+07
18.912  2.24539e+07   2.18916e+07
18.8536  1.20999e+07   1.33511e+07
18.9286  2.06315e+07   1.94174e+07
18.9121  1.78397e+07   1.73879e+07
18.8513  1.59869e+07   1.77258e+07
18.8885  1.30582e+07   1.33795e+07
18.9328  1.74143e+07   1.62437e+07
18.9457  1.84813e+07   1.67734e+07
18.8803  1.35488e+07   1.4128e+07
18.9365  1.57871e+07   1.461e+07
18.8865  2.0358e+07   2.09512e+07
18.8547  1.44403e+07   1.58974e+07
18.8627  1.37069e+07   1.48347e+07
18.9213  2.359e+07   2.25498e+07
18.9331  2.4053e+07   2.24231e+07
18.8793  2.59004e+07   2.70639e+07
18.8855  1.56349e+07   1.61248e+07
18.9384  2.28826e+07   2.10914e+07
18.8571  1.98914e+07   2.17854e+07
18.8578  2.18053e+07   2.38471e+07
18.9115  2.00409e+07   1.9558e+07
18.8636  2.13519e+07   2.30639e+07
18.9368  1.5128e+07   1.39909e+07
18.8673  1.01368e+07   1.08643e+07
18.9231  1.98262e+07   1.88802e+07
18.9086  1.95034e+07   1.91504e+07
18.8953  8.803e+06   8.89117e+06
18.9257  1.02816e+07   9.73586e+06
18.8862  1.33498e+07   1.3745e+07

18.9  70
1.74555e+07  1.75919e+07
4.85197e+06  5.13988e+06
18.95   19.05
1.08015   2.32237e+06
18.9976  2.5744e+07   2.58728e+07
18.9835  1.5524e+07   1.60785e+07
19.0276  2.69214e+07   2.53925e+07
19.0412  3.26015e+07   2.98739e+07
18.9532  2.06674e+07   2.28223e+07
18.9628  1.50417e+07   1.6276e+07
18.9654  2.32869e+07   2.50612e+07
19.0159  2.23953e+07   2.16532e+07
18.996  2.11688e+07   2.13478e+07
19.0261  3.5605e+06   3.3691e+06
19.0388  2.58388e+07   2.37989e+07
18.9801  2.31351e+07   2.41311e+07
18.9843  2.14577e+07   2.21864e+07
19.0227  2.55038e+07   2.43026e+07
18.966  2.19285e+07   2.357e+07
19.046  2.2753e+07   2.06374e+07
18.9569  2.60592e+07   2.85516e+07
18.9815  1.86739e+07   1.94227e+07
18.96  2.93471e+07   3.19455e+07
18.9987  2.65563e+07   2.66306e+07
18.971  3.25516e+07   3.46132e+07
18.9741  2.66295e+07   2.81318e+07
19.026  3.19592e+07   3.02441e+07
19.0215  2.32444e+07   2.22078e+07
18.961  1.6782e+07   1.82273e+07
18.972  1.90354e+07   2.01999e+07
18.9529  2.15293e+07   2.37925e+07
19.0441  2.85465e+07   2.59989e+07
19.0103  2.17451e+07   2.12732e+07
18.9756  2.24439e+07   2.36353e+07
18.9867  2.81407e+07   2.8943e+07
18.9892  1.86217e+07   1.90538e+07
18.9523  2.57479e+07   2.84873e+07
18.9895  2.18828e+07   2.2375e+07
18.959  2.27407e+07   2.48047e+07
18.9948  2.58419e+07   2.61301e+07
19.0114  2.95258e+07   2.88202e+07
18.9841  2.41381e+07   2.49658e+07
18.9841  2.6387e+07   2.7291e+07
18.9908  2.20472e+07   2.24833e+07
18.9647  4.37636e+07   4.71632e+07
18.9886  2.06835e+07   2.11888e+07
19.0167  2.2931e+07   2.21353e+07
19.0444  1.90912e+07   1.73738e+07
18.9984  1.38573e+07   1.39058e+07
19.0125  1.94509e+07   1.89411e+07
19.0122  1.89529e+07   1.8467e+07
19.0204  1.39507e+07   1.33614e+07
19.0316  2.81583e+07   2.63343e+07

19  49
2.32356e+07  2.35403e+07
6.03263e+06  6.28138e+06
19.05   19.15
1.06616   2.7139e+06
19.1248  4.17898e+07   3.96511e+07
19.1312  2.56812e+07   2.40393e+07
19.1039  4.42575e+07   4.38975e+07
19.1332  2.83716e+07   2.64407e+07
19.1324  1.9528e+07   1.8233e+07
19.0753  2.60512e+07   2.74543e+07
19.078  2.40232e+07   2.51709e+07
19.0864  3.83602e+07   3.94858e+07
19.1305  2.432e+07   2.27986e+07
19.1472  3.93816e+07   3.56312e+07
19.0531  1.75466e+07   1.93804e+07
19.11  2.35546e+07   2.3061e+07
19.0661  3.13073e+07   3.36396e+07
19.1269  2.39937e+07   2.26626e+07
19.058  3.04864e+07   3.33252e+07
19.0995  2.83137e+07   2.83453e+07
19.0799  3.0829e+07   3.21727e+07
19.0564  2.2946e+07   2.51677e+07
19.1052  3.26971e+07   3.23404e+07
19.1454  5.867e+06   5.32817e+06
19.0536  3.82967e+07   4.2258e+07
19.1126  3.17534e+07   3.09159e+07
19.1392  3.56493e+07   3.28035e+07
19.1358  3.41141e+07   3.16187e+07
19.113  2.434e+07   2.36766e+07
19.1111  2.33554e+07   2.28133e+07
19.1279  3.43161e+07   3.23465e+07
19.073  3.96326e+07   4.19711e+07
19.0584  3.32522e+07   3.63225e+07
19.0843  2.13801e+07   2.21049e+07
19.0544  2.27925e+07   2.51074e+07
19.0849  2.29958e+07   2.37437e+07
19.148  2.66953e+07   2.41132e+07
19.1369  4.95424e+07   4.5811e+07
19.0522  3.23262e+07   3.57743e+07
19.0646  2.50491e+07   2.69994e+07
19.1342  2.5086e+07   2.33333e+07
19.0573  3.28178e+07   3.59285e+07
19.0875  1.88887e+07   1.93966e+07

19.1  39
2.90151e+07  2.91093e+07
8.20732e+06  8.18979e+06
19.15   19.25
1.05217   3.10544e+06
19.2318  4.38792e+07   4.10156e+07
19.2075  3.23641e+07   3.18509e+07
19.1616  3.38164e+07   3.66872e+07
19.1568  2.36213e+07   2.58867e+07
19.1759  2.09334e+07   2.20306e+07
19.1703  3.58756e+07   3.82107e+07
19.1767  2.50222e+07   2.62902e+07
19.1568  2.50279e+07   2.74277e+07
19.2161  5.81994e+07   5.62436e+07
19.2089  2.8494e+07   2.79606e+07
19.1836  2.68135e+07   2.77633e+07
19.246  4.42878e+07   4.01677e+07
19.2211  4.13654e+07   3.95541e+07
19.2429  3.55212e+07   3.24345e+07
19.1938  2.09773e+07   2.12542e+07
19.2061  3.80995e+07   3.76137e+07
19.1733  2.7763e+07   2.93802e+07
19.1944  2.60686e+07   2.63824e+07
19.2282  3.82478e+07   3.60275e+07
19.1956  2.26628e+07   2.28734e+07
19.1685  4.00481e+07   4.28113e+07
19.2004  2.69226e+07   2.69008e+07
19.1646  3.47357e+07   3.74423e+07
19.2149  3.91158e+07   3.79015e+07
19.2252  4.79168e+07   4.54262e+07
19.2493  3.49062e+07   3.14431e+07
19.1676  2.22526e+07   2.38352e+07
19.1935  3.50801e+07   3.55697e+07

19.2  28
3.32149e+07  3.31566e+07
8.94012e+06  8.00195e+06
19.25   19.35
1.03818   3.49697e+06
19.2707  2.67493e+07   2.84618e+07
19.2557  4.31609e+07   4.74092e+07
19.2877  4.43904e+07   4.55653e+07
19.2782  5.41528e+07   5.67121e+07
19.2644  3.11343e+07   3.35755e+07
19.2912  3.63228e+07   3.70037e+07
19.2523  7.62296e+07   8.43444e+07
19.2942  2.94307e+07   2.97968e+07
19.3225  3.75174e+07   3.57705e+07
19.2545  3.75034e+07   4.13027e+07
19.2541  4.08259e+07   4.50017e+07
19.3316  5.61324e+07   5.24973e+07
19.2534  5.03722e+07   5.56094e+07
19.3157  5.50033e+07   5.32017e+07
19.2772  4.81325e+07   5.05153e+07
19.3044  4.39095e+07   4.34983e+07

19.3  16
4.44355e+07  4.62666e+07
1.19745e+07  1.30678e+07
19.35   19.45
1.0242   3.8885e+06
19.3758  5.65958e+07   5.95816e+07
19.3935  5.88004e+07   5.96123e+07
19.3873  4.00169e+07   4.11066e+07
19.4454  5.36937e+07   4.87678e+07
19.3797  5.50617e+07   5.74783e+07
19.37  4.3058e+07   4.58882e+07
19.3936  4.69129e+07   4.75566e+07
19.3634  4.42264e+07   4.77957e+07
19.4438  5.36638e+07   4.89e+07
19.4062  5.51744e+07   5.44556e+07
19.4035  4.18179e+07   4.15109e+07
19.3628  3.88311e+07   4.20145e+07
19.3513  3.73816e+07   4.14462e+07
19.371  4.164e+07   4.42792e+07
19.3502  4.80715e+07   5.3429e+07
19.4454  5.54446e+07   5.03592e+07

19.4  16
4.81494e+07  4.90114e+07
7.02899e+06  6.16195e+06
19.45   19.55
1.01021   4.28004e+06
19.5277  5.24881e+07   4.94976e+07
19.4544  6.74581e+07   7.43109e+07
19.4981  9.20697e+07   9.24369e+07
19.4897  3.47426e+07   3.55084e+07
19.5366  6.27295e+07   5.80477e+07
19.543  5.67527e+07   5.18099e+07
19.5068  7.18788e+07   7.08479e+07
19.4723  4.6021e+07   4.88064e+07
19.4789  5.01175e+07   5.24112e+07
19.4954  5.51277e+07   5.56634e+07
19.5036  7.48265e+07   7.42581e+07
19.5179  6.03333e+07   5.80833e+07

19.5  12
6.03788e+07  6.01401e+07
1.43544e+07  1.46176e+07
