ROOT Styles Loaded from rootlogon.
Beginning new ROOT session.


Processing ALLDrawDist.C...
18.55   18.65
1.1361   756238
18.6284  1.13663e+07   1.07009e+07
18.6385  6.46902e+06   5.96154e+06
18.6058  8.85951e+06   8.75054e+06
18.5851  5.52474e+06   5.70249e+06
18.5876  9.02024e+06   9.25977e+06
18.6465  8.19337e+06   7.42333e+06
18.5949  9.04092e+06   9.13863e+06
18.6188  8.79464e+06   8.45166e+06
18.594  5.87402e+06   5.94864e+06
18.5825  9.97526e+06   1.03533e+07
18.5547  8.4437e+06   9.29425e+06
18.5892  9.86718e+06   1.00961e+07
18.6191  1.15558e+07   1.10974e+07
18.6404  9.1205e+06   8.37188e+06
18.6117  9.38289e+06   9.15354e+06
18.5661  6.83038e+06   7.33917e+06
18.624  1.47263e+07   1.39954e+07
18.5779  4.35718e+06   4.56663e+06
18.6461  1.01078e+07   9.16583e+06
18.6215  7.40838e+06   7.07762e+06
18.6168  5.56073e+06   5.36602e+06
18.6245  1.19342e+07   1.13289e+07
18.6323  7.78844e+06   7.27338e+06
18.5812  7.14088e+06   7.43204e+06
18.5775  8.4239e+06   8.83538e+06
18.5518  8.27057e+06   9.15992e+06
18.6079  1.07e+07   1.05231e+07
18.5883  1.1614e+07   1.19054e+07
18.5853  8.53437e+06   8.80449e+06
18.6077  1.12249e+07   1.10436e+07
18.5815  1.07986e+07   1.12301e+07
18.5587  1.02514e+07   1.11907e+07
18.5655  9.75169e+06   1.04912e+07
18.6314  1.23081e+07   1.15154e+07
18.5728  6.20198e+06   6.5704e+06
18.6364  1.21346e+07   1.12338e+07
18.5622  5.95057e+06   6.4478e+06
18.5715  1.14233e+07   1.21339e+07
18.6022  9.79861e+06   9.75383e+06
18.6309  1.07084e+07   1.00285e+07
18.6239  1.26816e+07   1.20552e+07
18.6235  1.17877e+07   1.12139e+07
18.564  1.65259e+07   1.78362e+07
18.5953  1.24315e+07   1.25547e+07
18.6415  8.25956e+06   7.56312e+06
18.5638  1.25928e+07   1.3597e+07
18.635  1.10901e+07   1.02966e+07
18.6226  5.14216e+06   4.90176e+06
18.5795  9.79605e+06   1.0232e+07
18.5524  9.40234e+06   1.04002e+07
18.6462  1.14713e+07   1.04005e+07
18.6195  7.57681e+06   7.26999e+06
18.6201  7.39486e+06   7.08642e+06
18.6143  1.15043e+07   1.11617e+07

18.6  54
9.50174e+06  9.45714e+06
2.45902e+06  2.48199e+06
18.65   18.75
1.12211   1.14777e+06
18.6559  9.31713e+06   1.02307e+07
18.6654  1.01945e+07   1.09705e+07
18.6555  9.80941e+06   1.07802e+07
18.6673  9.10289e+06   9.75728e+06
18.7238  1.30979e+07   1.24535e+07
18.6905  7.62292e+06   7.77836e+06
18.7294  1.30524e+07   1.22627e+07
18.721  8.99862e+06   8.60596e+06
18.6668  1.07596e+07   1.15453e+07
18.688  1.04725e+07   1.07413e+07
18.6767  9.29262e+06   9.76262e+06
18.6767  7.39482e+06   7.76883e+06
18.6912  1.22004e+07   1.24296e+07
18.6999  1.4345e+07   1.4349e+07
18.7002  7.1623e+06   7.15867e+06
18.7074  1.49023e+07   1.4669e+07
18.7071  1.37147e+07   1.35086e+07
18.6876  1.36048e+07   1.3967e+07
18.6524  6.12252e+06   6.77259e+06
18.6628  1.21254e+07   1.31206e+07
18.7471  1.26845e+07   1.14778e+07
18.6527  1.15026e+07   1.27168e+07
18.6797  1.51163e+07   1.57828e+07
18.7012  6.80406e+06   6.78614e+06
18.6921  1.36163e+07   1.38469e+07
18.6571  1.17377e+07   1.28559e+07
18.7036  1.16837e+07   1.1594e+07
18.6996  1.49662e+07   1.49799e+07
18.7109  8.83232e+06   8.63012e+06
18.6916  1.4323e+07   1.45793e+07
18.7068  1.11817e+07   1.10217e+07
18.7082  9.6949e+06   9.52806e+06
18.7051  1.31207e+07   1.29787e+07
18.7334  1.84974e+07   1.72323e+07
18.7415  1.56104e+07   1.42967e+07
18.6539  1.29945e+07   1.43292e+07
18.7335  1.64133e+07   1.52866e+07
18.6998  1.13715e+07   1.13771e+07
18.7178  2.0087e+07   1.93438e+07

18.7  39
1.18854e+07  1.19814e+07
3.10771e+06  2.8676e+06
18.75   18.85
1.10812   1.5393e+06
18.7706  1.25624e+07   1.33707e+07
18.7849  1.27093e+07   1.31223e+07
18.7888  1.47176e+07   1.50728e+07
18.8031  1.54974e+07   1.53949e+07
18.8185  8.32517e+06   8.00529e+06
18.8099  1.29325e+07   1.26625e+07
18.836  1.17183e+07   1.08566e+07
18.8157  1.31016e+07   1.26738e+07
18.7575  1.06595e+07   1.16643e+07
18.7666  1.49562e+07   1.60553e+07
18.7773  1.456e+07   1.52769e+07
18.7765  1.38266e+07   1.45337e+07
18.8305  2.05605e+07   1.92738e+07
18.8184  1.62697e+07   1.56464e+07
18.7651  1.43831e+07   1.54871e+07
18.7812  1.80697e+07   1.88048e+07
18.8168  2.3034e+07   2.22273e+07
18.8075  1.27279e+07   1.25284e+07
18.8403  1.52881e+07   1.40347e+07
18.7529  1.14728e+07   1.26782e+07
18.8212  1.16531e+07   1.11414e+07
18.8411  2.04722e+07   1.87625e+07

18.8  22
1.45226e+07  1.45124e+07
3.41008e+06  3.14587e+06
18.85   18.95
1.09413   1.93084e+06
18.8895  1.12893e+07   1.15427e+07
18.8992  1.79106e+07   1.79397e+07
18.9479  1.84144e+07   1.66371e+07
18.8776  8.57278e+06   8.98904e+06
18.8765  1.0323e+07   1.08512e+07
18.8609  1.87494e+07   2.03698e+07
18.9097  1.79283e+07   1.7563e+07
18.9426  1.32609e+07   1.2115e+07
18.9233  1.41059e+07   1.34271e+07
18.8806  2.83666e+07   2.95585e+07
18.8747  2.6543e+07   2.80087e+07
18.9161  1.89674e+07   1.83308e+07
18.9023  1.73829e+07   1.72976e+07
18.8731  1.94378e+07   2.05769e+07
18.912  2.24539e+07   2.18916e+07
18.9121  1.78397e+07   1.73879e+07
18.8885  1.30582e+07   1.33795e+07
18.9457  1.84813e+07   1.67734e+07
18.8803  1.35488e+07   1.4128e+07
18.9365  1.57871e+07   1.461e+07
18.8627  1.37069e+07   1.48347e+07
18.9331  2.4053e+07   2.24231e+07
18.8793  2.59004e+07   2.70639e+07
18.9384  2.28826e+07   2.10914e+07
18.8571  1.98914e+07   2.17854e+07
18.8636  2.13519e+07   2.30639e+07
18.9368  1.5128e+07   1.39909e+07
18.8673  1.01368e+07   1.08643e+07

18.9  28
1.76954e+07  1.7732e+07
5.0281e+06  5.24177e+06
18.95   19.05
1.08015   2.32237e+06
19.0276  2.69214e+07   2.53925e+07
19.0412  3.26015e+07   2.98739e+07
19.0159  2.23953e+07   2.16532e+07
19.0227  2.55038e+07   2.43026e+07
19.046  2.2753e+07   2.06374e+07
18.9815  1.86739e+07   1.94227e+07
19.0215  2.32444e+07   2.22078e+07
18.961  1.6782e+07   1.82273e+07
18.9529  2.15293e+07   2.37925e+07
19.0441  2.85465e+07   2.59989e+07
18.9756  2.24439e+07   2.36353e+07
18.9867  2.81407e+07   2.8943e+07
18.9892  1.86217e+07   1.90538e+07
18.9895  2.18828e+07   2.2375e+07
18.9948  2.58419e+07   2.61301e+07
19.0114  2.95258e+07   2.88202e+07
18.9841  2.6387e+07   2.7291e+07
18.9908  2.20472e+07   2.24833e+07
18.9647  4.37636e+07   4.71632e+07
18.9886  2.06835e+07   2.11888e+07
19.0167  2.2931e+07   2.21353e+07
18.9984  1.38573e+07   1.39058e+07
19.0125  1.94509e+07   1.89411e+07
19.0122  1.89529e+07   1.8467e+07
19.0316  2.81583e+07   2.63343e+07

19  25
2.40656e+07  2.3935e+07
5.87232e+06  6.06235e+06
19.05   19.15
1.06616   2.7139e+06
19.1039  4.42575e+07   4.38975e+07
19.0753  2.60512e+07   2.74543e+07
19.1305  2.432e+07   2.27986e+07
19.1269  2.39937e+07   2.26626e+07
19.058  3.04864e+07   3.33252e+07
19.0799  3.0829e+07   3.21727e+07
19.1358  3.41141e+07   3.16187e+07
19.1111  2.33554e+07   2.28133e+07
19.1279  3.43161e+07   3.23465e+07
19.073  3.96326e+07   4.19711e+07
19.0584  3.32522e+07   3.63225e+07
19.0544  2.27925e+07   2.51074e+07
19.0849  2.29958e+07   2.37437e+07
19.148  2.66953e+07   2.41132e+07
19.0522  3.23262e+07   3.57743e+07
19.0646  2.50491e+07   2.69994e+07
19.1342  2.5086e+07   2.33333e+07
19.0573  3.28178e+07   3.59285e+07

19.1  18
2.95762e+07  3.01324e+07
5.97171e+06  6.59759e+06
19.15   19.25
1.05217   3.10544e+06
19.2075  3.23641e+07   3.18509e+07
19.1616  3.38164e+07   3.66872e+07
19.1568  2.36213e+07   2.58867e+07
19.1759  2.09334e+07   2.20306e+07
19.1767  2.50222e+07   2.62902e+07
19.2089  2.8494e+07   2.79606e+07
19.246  4.42878e+07   4.01677e+07
19.2429  3.55212e+07   3.24345e+07
19.1956  2.26628e+07   2.28734e+07
19.2004  2.69226e+07   2.69008e+07
19.2149  3.91158e+07   3.79015e+07
19.2252  4.79168e+07   4.54262e+07
19.2493  3.49062e+07   3.14431e+07

19.2  13
3.1968e+07  3.13733e+07
8.06631e+06  6.76055e+06
19.25   19.35
1.03818   3.49697e+06
19.2707  2.67493e+07   2.84618e+07
19.2557  4.31609e+07   4.74092e+07
19.2782  5.41528e+07   5.67121e+07
19.3225  3.75174e+07   3.57705e+07
19.2534  5.03722e+07   5.56094e+07
19.3044  4.39095e+07   4.34983e+07

19.3  6
4.26437e+07  4.45769e+07
8.87854e+06  1.01276e+07
19.35   19.45
1.0242   3.8885e+06
19.3758  5.65958e+07   5.95816e+07
19.4454  5.36937e+07   4.87678e+07
19.3628  3.88311e+07   4.20145e+07
19.3513  3.73816e+07   4.14462e+07
19.4454  5.54446e+07   5.03592e+07

19.4  5
4.83894e+07  4.84339e+07
8.4592e+06  6.60494e+06
19.45   19.55
1.01021   4.28004e+06
19.4981  9.20697e+07   9.24369e+07
19.5366  6.27295e+07   5.80477e+07
19.543  5.67527e+07   5.18099e+07
19.5068  7.18788e+07   7.08479e+07
19.4723  4.6021e+07   4.88064e+07
19.4789  5.01175e+07   5.24112e+07
19.5179  6.03333e+07   5.80833e+07

19.5  7
6.28432e+07  6.17776e+07
1.42637e+07  1.41682e+07
